0 2.1074990316137683
1 1.650194836375791
2 1.490430592022764
3 1.345858129578509
4 1.298574172202809
5 1.2832476459476334
6 1.260242039001921
7 1.185054557409429
8 1.1781101889429957
9 1.1512899195403516
10 1.097973166271166
11 1.0925567333595525
12 1.0574115548305796
13 1.0605921451733
14 0.9965350444419613
15 1.0504705072392888
16 0.9962133137720556
17 0.9512940780468541
18 0.8884815497155135
19 0.8599618235594784
20 0.7999731272904623
21 0.8004616146142166
22 0.7712086663501978
23 0.6977285549319828
24 0.6603955203436296
25 0.6941950075334903
26 0.5756886094520254
27 0.5202016051704672
28 0.5016711226344214
29 0.5101576425993558
30 0.37893454336029664
31 0.32256921179586057
32 0.273405857089327
33 0.25842129670430825
34 0.2405490239880645
35 0.22170140639458608
36 0.23680692449828042
37 0.21819269987398213
38 0.21963873319491653
39 0.20657570055287033
40 0.1795875732193102
41 0.176418278481002
42 0.1705242509551497
43 0.16964955810087232
44 0.17282770992164143
45 0.15035039275596304
46 0.13760338909760209
47 0.1435032080704954
48 0.13187961271171939
49 0.1285311597528013
50 0.12068645255074967
51 0.11357555560040285
52 0.10500693086636308
53 0.10255459433285521
54 0.09037552687454979
55 0.09043988611683472
56 0.08697410260074057
57 0.08106020131625936
58 0.07856716218886925
59 0.07820244923089824
60 0.06022357052108543
61 0.054636740783457184
62 0.056734261911431216
63 0.05136441094710728
64 0.052244555395139135
65 0.04370919420410901
66 0.05028986450523898
67 0.04215580515281716
68 0.04747818981149056
69 0.04678113816065178
70 0.04395589575813649
71 0.0423450754364017
72 0.04892007316558531
73 0.03831050608539749
74 0.04221775439439265
75 0.043539873410340664
76 0.04525582854396016
77 0.03732885107751886
78 0.04396514891726255
79 0.04368153652184452
80 0.03604082017481694
81 0.04940930978708762
82 0.038685422570902524
83 0.04188986403397436
84 0.040139597906954684
85 0.04491723578164424
86 0.03898181331490569
87 0.03440168499127489
88 0.035371963531040995
89 0.039007575826992984
90 0.037072224219771154
91 0.035936959584226394
92 0.03776817348119766
93 0.03300468455885415
94 0.037029144143654574
95 0.03766589510035861
96 0.03194669797597166
97 0.03437465604266894
98 0.037886523934066454
99 0.03620062360053484
