0 1.7800637252530338
1 1.5204238767665914
2 1.442800437826417
3 1.4910338558289449
4 1.414984870797212
5 1.348215214166347
6 1.355718058006354
7 1.3992796893686976
8 1.3546096597999202
9 1.2847950825082048
10 1.269600329420115
11 1.3234218290723894
12 1.249328300291221
13 1.1876018885473847
14 1.1918802951401026
15 1.161961040937953
16 1.151043803681361
17 1.1231259506704523
18 1.1517224143780276
19 1.0753939901154472
20 1.0284915959782537
21 1.0541125333256658
22 0.9981152711460769
23 0.9777446085660993
24 0.9544247575268346
25 0.8968531463639852
26 0.8931958227955822
27 0.8894081021720618
28 0.9053336431276431
29 0.8296394023601179
30 0.7589140135811289
31 0.6848117740668914
32 0.6580632700268918
33 0.6461017482081174
34 0.6367457269571951
35 0.6314406619197996
36 0.5996100527599519
37 0.6043481525870672
38 0.5805108972057897
39 0.5753311259631019
40 0.5645511683388429
41 0.5526263439182668
42 0.5520922503807472
43 0.5422272852338883
44 0.5318515594310173
45 0.5342993978099151
46 0.5050646037782341
47 0.4863814076663114
48 0.493191682347117
49 0.47879773698714334
50 0.46910322880954997
51 0.46108487182776836
52 0.4590695499586114
53 0.4382623560365601
54 0.4509232068114344
55 0.45001071738776655
56 0.44483249964693045
57 0.40744639430277146
58 0.4235245605922481
59 0.39371515688392034
60 0.3771041432928934
61 0.33999793568896824
62 0.3522574681148655
63 0.33483420854623097
64 0.3520028340133801
65 0.34182714418167587
66 0.33317779063653313
67 0.3396449550920646
68 0.33384759384104856
69 0.3166625096934482
70 0.3424747227046983
71 0.3421343886642204
72 0.31024775757138423
73 0.3320968826568074
74 0.3119565750271213
75 0.3141982204063348
76 0.3270610206584048
77 0.3185026131537517
78 0.3213183461306904
79 0.3096176185009238
80 0.31298479624256687
81 0.3136124573090003
82 0.3058363074510633
83 0.3066005499615018
84 0.29292493159287825
85 0.3092771957624326
86 0.30057358069566903
87 0.30509493322099357
88 0.29547453966434833
89 0.2981115044738753
90 0.28664574197735554
91 0.2915647892043454
92 0.29781340851657717
93 0.2960917603076817
94 0.2807362575100382
95 0.2952827588314527
96 0.29098164452330133
97 0.2796838096847618
98 0.28133747997788083
99 0.2829211291500125
